camera_matrix:
- [323.7499519794458, 0.0, 313.440823413843]
- [0.0, 331.65448786902834, 202.19122091110248]
- [0.0, 0.0, 1.0]
dist_coeff:
- [-0.31789570305911463, 0.1376481224519921, -0.027292716822072304, 0.0008859295328605415,
  -0.03664423830259533]
